1505273386 28
1505273845 29
1505273862 29
1505273878 30
1505292399 30
1505430982 30
1505462398 36
1505473668 62
1505489108 67
1505714610 72
1505714841 76
1505715000 67
1505722538 195
1505790130 224
1505792320 252
1505803999 273
1505805209 324
1505812793 356
1506474820 367
1506475900 1240
1506476036 1533
1506477559 1573
1506477743 1759
1506478297 1759
1506480235 1777
1506481217 1800
1506481327 1879
1506498595 2052
1506498820 2117
1506827248 2175
1506827300 2411
1506828787 2411
1506830912 2447
1506831154 2485
1506831265 2526
1506848161 2551
1506848237 2699
1506850272 2746
1506850320 2749
1507080729 2937
1507081088 2962
1507081135 2962
1507082330 2971
1507082654 2971
1507082691 2976
1507082993 2975
1507083904 3057
1507085921 3090
1507085946 3106
1507256051 3140
1507256172 3218
1507257036 3226
1507267890 3260
1507267946 3355
1507271094 3355
1507271195 3362
1507271289 3363
1507272192 3367
1507451289 3759
1507454660 3778
1507461702 15680
1507462807 15709
1507514420 15721
1507526282 15725
1507531245 15753
1507537050 15930
1507537347 15973
1507537534 15965
1507537564 15965
1507538354 15936
1507538390 15941
1507538825 15940
1507541534 15944
1507541580 15960
1507542895 15981
1507542928 15993
1507543383 15994
1507543425 16098
1507544135 16095
1507544292 16108
1507545168 16110
1507545208 16110
1507619447 16128
1507622250 16082
1507622645 16098
1507622664 16106
1507628287 16109
1507630568 16114
1507631183 16117
1507685218 16120
1507685229 16123
1507685453 16080
1507688796 16096
1507688903 16099
1507688912 16127
1507689277 16124
1507689285 16098
1507692074 16102
1507692082 16126
1507696111 16110
1507699074 16184
1507701488 16169
1507709393 16192
1507709493 16233
1507711175 16259
1507711234 16288
